0 50
0 0
300 54
300 4
600 71
600 21
900 102
900 52
1051 100
1051 0
1209 50
1209 0
1613 150
1613 0
1983 150
1983 0
2106 50
2106 0
2406 121
2406 71
2513 119
2513 19
2692 100
2692 0
2895 100
2895 0
3113 107
3113 7
3198 50
3198 0
3495 147
3495 47
3713 164
3713 64
3713 64
3713 14
3872 100
3872 0
4095 124
4095 24
4310 150
4310 0
4395 50
4395 0
4566 100
4566 0
4695 75
4695 25
4814 100
4814 0
4995 114
4995 64
5048 100
5048 0
5210 109
5210 9
5414 152
5414 52
5648 221
5648 121
5648 121
5648 21
5688 50
5688 0
5827 100
5827 0
6098 200
6098 100
6248 214
6248 114
